3
[395, 456, 224, 883, 82];[72];[157];
3
[650, 423];[79, 147];[885, 5];
3
[253, 903];[426];[973];
1
[80];
1
[77];
1
[37];
2
[826];[176, 378, 294];
3
[82, 883, 719];[461];[149, 283];
2
[355, 137, 594, 940];[105];
2
[361];[352];
1
[137];
3
[973];[578];[575];
3
[449, 514];[438];[666, 408];
1
[782];
2
[295];[212];
2
[935];[874];
1
[976, 496, 934];
3
[233];[809];[960];
3
[900];[32, 137];[135];
2
[255];[593];
1
[566];
3
[159];[158];[27];
2
[36, 127, 251, 365, 140, 546];[778];
1
[681];
1
[42];
3
[692];[676, 971];[531];
2
[126, 808];[79, 147];
1
[611];
3
[20, 409];[84];[448, 229, 536, 353];
2
[194];[37];
2
[220];[733];
1
[404];
2
[722];[438];
2
[165];[663];
3
[206];[428];[213, 546, 702];
3
[600];[725, 53];[365, 854, 127, 325];
1
[707];
3
[445];[162, 116, 839];[65];
1
[140, 36, 127, 251];
1
[635];
2
[476];[191, 190];
3
[320, 208, 811];[355];[377, 440];
1
[702, 803, 242, 213, 546];
2
[482];[487, 456];
1
[914];
1
[365, 325];
2
[80];[128, 284, 589];
2
[262, 511, 706];[21];
1
[244, 616, 485];
2
[24, 654];[932];
2
[503];[153, 66, 867];
1
[287, 823];
3
[823, 142, 287, 475, 714];[209];[217];
2
[190, 191];[444];
2
[196];[78, 693, 649, 23, 679];
1
[979];
2
[596, 547, 786, 639];[119, 311, 19, 2, 966];
2
[634];[424];
1
[974, 700];
1
[976];
2
[512];[150];
3
[53];[968];[305, 664, 492, 620];
1
[876, 280];
3
[523];[150];[6, 865];
2
[443];[8];
2
[61];[439];
1
[234];
2
[193, 140];[976];
3
[822];[759, 694];[74];
1
[723];
1
[686, 130];
3
[554];[484, 272, 682];[725, 53];
1
[543];
1
[356];
2
[631];[961, 491, 812];
1
[420, 175];
1
[778];
2
[420, 175];[623];
3
[608];[479];[140, 193, 127, 36];
1
[811];
1
[251, 365, 325];
1
[634, 230, 581];
3
[525];[353, 454, 229];[136, 759];
2
[831, 448, 830, 391];[47];
3
[353, 454, 915, 229, 448, 594, 137];[78, 693, 649, 23, 679];[344];
3
[5, 885];[913];[853];
3
[736];[481, 967];[75];
3
[270];[163];[43, 401, 30];
3
[76, 925, 905, 124];[320, 208, 811];[23, 78, 693, 649, 679];
1
[613];
3
[116];[66];[52, 441, 349];
1
[722];
2
[104, 576, 22];[377];
3
[508];[107, 200, 77];[189];
2
[145];[268, 365];
1
[116];
3
[889, 380];[484, 272, 682];[280, 349, 441, 876];
1
[941];
3
[911];[353, 454, 915, 229, 448, 594, 137];[148];
3
[341, 941];[114, 456, 395];[269];
