3
[358, 66, 269];[396];[333, 105, 415, 470, 282];
2
[365, 268, 325];[265, 422, 378];
1
[689];
2
[253];[140, 127, 36, 546];
1
[774, 983];
3
[794];[100];[637];
2
[364, 618, 530];[193, 140, 474];
3
[799, 988];[379, 194];[82];
3
[807, 799];[171, 494];[498, 879, 451];
3
[616, 244];[303, 797, 411, 926, 907];[344];
3
[954];[796, 377, 777, 440, 880, 934];[858];
2
[510, 10];[348, 261];
3
[836];[683, 227];[398, 94, 414];
3
[554];[588];[493, 173, 517];
2
[883];[925, 905, 76, 479, 745, 124];
1
[433];
2
[377, 101, 934, 55, 440, 488, 705, 496];[584];
3
[629, 801];[606];[239, 177];
1
[759, 121, 154];
3
[572];[668];[51];
2
[474, 193, 140, 973];[314, 193, 474, 930];
1
[179, 826];
3
[949];[573];[524, 222, 8, 330];
2
[948, 379, 105, 647, 333, 194];[961, 812, 491];
1
[216];
2
[420, 175, 873, 750];[373];
2
[865, 188, 6, 537];[474, 193];
3
[194];[774, 983];[633];
1
[915];
1
[855, 395, 643, 456, 883, 508, 114, 719, 224, 82];
3
[453];[273];[389, 143, 858, 423, 393];
1
[63];
3
[488];[139];[893, 71];
2
[472];[703];
2
[901];[531, 27, 320, 208];
1
[749];
1
[473, 871, 864, 532];
1
[134, 753];
2
[858];[358, 66];
3
[56, 149];[911];[588];
2
[123, 219, 178, 217, 377, 476, 440, 562];[824];
3
[997];[864];[415];
2
[538];[874];
2
[420];[858];
3
[603];[229, 594, 448, 353, 137, 245, 454, 355, 536, 915];[719, 456, 114, 855, 883, 82, 487, 224, 395];
1
[383, 55, 777, 742, 440];
1
[786, 639, 547, 596, 967, 481];
1
[272, 682, 484, 469, 141, 768];
1
[595, 332];
3
[121, 759];[839];[264, 826, 227, 710];
2
[749, 252];[5, 885];
3
[453];[481, 967, 959, 596, 547, 639, 786];[532];
1
[477];
3
[235, 417];[286];[480, 829, 382];
2
[283];[709];
3
[87];[232];[775, 446, 277, 113];
1
[585];
2
[89];[723];
1
[525, 768];
2
[768, 525, 272];[127, 36, 365, 251, 140, 546, 193, 325];
2
[325, 365];[229, 594, 448, 353, 137, 454, 355, 32, 915];
2
[771];[689, 438];
3
[901];[19, 133];[625];
2
[935, 104];[147];
1
[961, 812, 491];
3
[309, 31, 969, 269, 10, 90, 654, 483];[707];[248];
1
[277, 775, 446];
2
[243, 777, 976, 697, 934, 880, 930, 854, 496, 705];[907];
3
[380];[4, 212];[389, 858, 393, 143];
1
[208, 811, 320];
3
[366];[794];[644, 477, 754];
1
[700, 974];
3
[262, 511, 706, 323];[105, 415, 647, 470];[735, 650, 66, 722];
3
[989];[100];[159];
2
[551, 329];[809];
3
[331];[127, 36, 546, 140, 702];[85];
3
[409, 20];[461];[252];
2
[95, 405, 437];[988];
3
[768, 525];[67];[742, 194, 665];
2
[674, 558];[364];
3
[843, 269];[973];[130, 623, 656, 686];
1
[28, 734, 673];
2
[341, 941];[772, 102];
1
[540, 837, 608];
3
[795, 952];[598, 718, 191];[163];
2
[902];[310];
2
[113, 775, 446];[663];
3
[303, 797, 411, 926, 907];[570, 541];[531];
3
[161];[683];[186];
2
[412];[433];
1
[975];
2
[76, 164];[789];
1
[353, 229, 915, 448, 594, 245, 536];
3
[843, 269];[330];[864, 473, 871];
2
[169];[963];
1
[23, 679, 693, 649, 78];
1
[507];
2
[93];[287, 338, 823];
1
[356];
3
[562, 880, 219, 377, 134, 440];[571];[714, 823, 338, 287, 28];
